# De Masi PRC 77 042201(R) sin(phi) moment, extracted from the phi
# distributions (workbook sheet bsa_phi) with the FULL asymmetry form.
# denominator model: runs/Rosen_B/fitpar.npy  md5 2179208557cb0a05407b97f5b2968a2d
# errors: statistical only; the 3.5 % beam polarisation is a fitted nuisance.
# A = sqrt(2 eps (1-eps)) sigma_LT' / (sigma_T + eps sigma_L),  Ebeam 5.776 GeV
#     bin     <Q2>     <xB>    <|t|>            A       stat  nphi
    E25M3   1.1383   0.1318   0.4969     0.092981   0.028517    12
    E25M4   1.1517   0.1315   0.7703     0.024751   0.028298    12
    E25M5   1.1575   0.1347   1.2848     0.053396   0.038919    12
    E25M8   1.3425   0.1736   0.4877     0.127143   0.028978    12
    E25M9   1.3492   0.1737   0.7796     0.063914   0.030996    12
   E25M10   1.3525   0.1766   1.3224     0.039335   0.045060    12
    E25M6   1.3533   0.1773   0.1433     0.102321   0.026044    12
    E25M7   1.3575   0.1775   0.2816     0.096072   0.021249    12
   E25M13   1.5450   0.1752   0.5050     0.084022   0.028414    12
   E25M15   1.5483   0.1757   1.2684     0.033025   0.040061    12
   E25M14   1.5500   0.1747   0.7724     0.054624   0.028122    12
   E25M12   1.5600   0.1787   0.2889     0.098989   0.023246    11
   E25M11   1.5608   0.1800   0.1434    -0.004425   0.034291    12
   E25M16   1.6417   0.2362   0.1504     0.057116   0.023148    12
   E25M17   1.6758   0.2462   0.2868     0.092338   0.017192    12
   E25M20   1.6883   0.2551   1.3383     0.059078   0.031039    12
   E25M18   1.6975   0.2526   0.4852     0.118182   0.023457    12
   E25M19   1.7000   0.2567   0.7786     0.111896   0.024035    12
   E25M21   1.9008   0.2415   0.1532     0.121923   0.027193    12
   E25M31   1.9291   0.3217   0.1761     0.125949   0.085876    11
   E25M23   1.9400   0.2475   0.4838     0.079616   0.022998    12
   E25M22   1.9425   0.2484   0.2873     0.105180   0.018096    12
   E25M24   1.9450   0.2484   0.7723     0.080336   0.024776    12
   E25M25   1.9517   0.2503   1.3175     0.091600   0.034895    12
   E25M32   1.9900   0.3432   0.3073     0.114433   0.032369    12
   E25M33   2.0142   0.3485   0.4961     0.081946   0.033449    12
   E25M34   2.0150   0.3519   0.7872     0.028289   0.026792    12
   E25M35   2.0308   0.3524   1.3117     0.081611   0.029953    12
   E25M26   2.1633   0.2479   0.1542     0.088740   0.037461    12
   E25M29   2.1825   0.2468   0.7766     0.110526   0.024452    12
   E25M30   2.2100   0.2507   1.3016     0.005602   0.033160    12
   E25M36   2.2150   0.3193   0.1754     0.002047   0.065172    10
   E25M27   2.2183   0.2566   0.2916     0.089914   0.021709    12
   E25M28   2.2400   0.2577   0.4910     0.107133   0.025185    12
   E25M37   2.2858   0.3394   0.3035     0.088550   0.026169    12
   E25M38   2.3475   0.3562   0.4931     0.102028   0.028902    12
   E25M39   2.3500   0.3613   0.7748     0.085139   0.026202    12
   E25M40   2.3708   0.3653   1.3260     0.097138   0.029268    12
   E25M41   2.4942   0.3205   0.1752     0.006259   0.072370    12
   E25M42   2.6300   0.3431   0.2947     0.136202   0.023460    12
   E25M51   2.6690   0.4380   0.3586     0.054024   0.085027    10
   E25M43   2.6875   0.3555   0.4897     0.103879   0.027348    12
   E25M52   2.7250   0.4453   0.5021     0.067836   0.051868    10
   E25M44   2.7300   0.3633   0.7642     0.080415   0.027294    12
   E25M45   2.7408   0.3692   1.3926     0.129019   0.034059    12
   E25M53   2.7418   0.4452   0.7953     0.066537   0.039643    11
   E25M54   2.7491   0.4452   1.3219     0.075816   0.040969    11
   E25M46   2.7683   0.3198   0.1807     0.093992   0.099979    12
   E25M47   2.9950   0.3529   0.3091     0.128545   0.026345    12
   E25M50   3.0458   0.3585   1.3416     0.066093   0.033977    12
   E25M48   3.0633   0.3615   0.4875     0.126080   0.026920    12
   E25M49   3.0692   0.3613   0.7476     0.131117   0.026922    12
   E25M55   3.1822   0.4398   0.3536     0.117325   0.072620     9
   E25M56   3.2970   0.4617   0.5146     0.056974   0.042125    10
   E25M57   3.3067   0.4655   0.7914     0.118551   0.031397    12
   E25M58   3.3217   0.4686   1.3209     0.071753   0.033317    12
   E25M59   3.5750   0.4376   0.3610     0.073110   0.082203    10
   E25M60   3.7167   0.4580   0.5089     0.069626   0.038956    12
   E25M61   3.8475   0.4839   0.7714     0.094375   0.028443    12
   E25M62   3.8592   0.4902   1.3048     0.079382   0.030968    12
