# gamma p -> pi0 p, d sigma/dt  ==  sigma_T at Q2 = 0
# CLAS g12, Kunkel et al. PRC 98 015207 (2018), figure 4, DIGITISED at 400 dpi.
# Per |t| bin: the median over image columns of the median marker row, which
# is robust against overlapping markers and error-bar caps.  Calibration from
# the tick marks (90.33 px/decade, panel width/8 per GeV^2).
# Accuracy: a few per cent from the reading, NOT including the published
# uncertainties, which figure 4 shows as statistical only.
#  W [GeV]   |t| [GeV^2]   dsigma/dt [nb/GeV^2]   n_cols
     2.490        0.425            745.9       10
     2.490        0.575            394.4       11
     2.490        0.725            394.4        6
     2.490        1.025            465.5       11
     2.490        1.475            321.6       11
     2.490        1.625              228        9
     2.490        1.775            98.31       10
     2.635        0.725            394.4       10
     2.635        0.875            305.6       12
     2.635        1.025            252.5       11
     2.635        1.175            340.6       12
     2.635        1.325            286.8       11
     2.635        1.475            239.9       11
     2.635        1.625            176.7       12
     2.635        1.775            98.31       11
     2.635        1.925            62.13       12
     2.635        2.075            28.92       11
     2.790        0.425            974.8       11
     2.790        0.575            321.6       12
     2.790        0.725            309.6       11
     2.790        0.875            269.1       11
     2.790        1.025            229.4       12
     2.790        1.175            309.6        8
     2.790        1.325              276       11
     2.790        1.475            207.2       12
     2.790        1.625            103.4       11
     2.790        1.775            95.83       11
     2.790        1.925            36.84       12
     2.790        2.075            26.79       11
     2.940        0.425            884.2        6
     2.940        0.575            223.2       12
     2.940        0.725            209.4       11
     2.940        0.875            196.5       11
     2.940        1.025            204.2       12
     2.940        1.175            253.6       11
     2.940        1.325              182       11
     2.940        1.475            150.4       12
     2.940        1.625            92.64       11
     2.940        1.775            48.98       11
     2.940        1.925            45.37       11
     2.940        2.075            11.75       12
     3.080        0.725            170.8       11
     3.080        0.875            213.5       12
     3.080        1.025            191.6       11
     3.080        1.175            134.9       12
     3.080        1.325            170.8       11
     3.080        1.475              118       11
     3.080        1.625            56.71       12
     3.080        1.775            37.48       11
     3.080        1.925            30.96        9
     3.170        0.725            231.9        9
     3.170        0.875            204.2       11
     3.170        1.025            141.1       12
     3.170        1.175            135.8       11
     3.170        1.325            139.3       11
     3.170        1.475            83.66       12
     3.170        1.625            34.28       11
     3.170        1.775            33.85       11
     3.170        1.925            25.57       12
     3.170        2.075            12.52       11
